,OperatingRevenue,Revenue,SG&AExpense,SpecialIncomeandCharges,OperatingInterestExpense,NetOperatingInterestIncome,OtherOperatingExpenses,TotalOperatingExpenses,Non-OperatingInterestExpense,NetNon-OperatingInterestIncomeExpense,OtherIncomeandExpenses,NetInterestIncome,Pre-TaxIncome,ProvisionforIncomeTaxes,IncomefromContinuingOperations,"ExtraordinaryItems,IncomeStatement",IncomeAttributabletoMinorityInterest,PreferredStockDividend,NetIncome,NormalizedIncome,ReconciledDepreciation,EBIT,,EPSBasicfromContinuingOperations,EPSBasicfromDiscontinuedOperations,EPSBasicfromExtraordinaries,NormalizedBasicEPS,EPSBasic,,EPSDilutedfromContinuingOperations,EPSDilutedfromDiscontinuedOperations,EPSDilutedfromExtraordinaries,NormalizedDilutedEPS,EPSDiluted,,AverageBasicSharesOutstanding,AverageDilutedSharesOutstanding,DividendPerShare,,AsOriginallyReported,Restated
2020-12,11.41B,11.41B,,,56.20M,-56.20M,50.80M,50.80M,56.20M,-56.20M,57.00M,-56.20M,2.106B,421.90M,1.684B,,0.00,6.80M,1.684B,1.684B,,2.162B,,2.87,,,2.87,2.87,,2.85,,,2.85,2.85,,584.90M,587.30M,4.60,,AOR,
2020-09,10.94B,10.94B,,,56.40M,-56.40M,54.40M,54.40M,56.40M,-56.40M,58.80M,-56.40M,1.924B,392.70M,1.531B,,0.00,6.70M,1.531B,1.531B,85.10M,1.980B,,2.60,,,2.60,2.60,,2.59,,,2.59,2.59,,585.10M,587.80M,0.10,,AOR,
2020-06,10.97B,10.97B,,,56.40M,-56.40M,52.80M,52.80M,56.40M,-56.40M,59.00M,-56.40M,2.269B,478.40M,1.790B,,0.00,6.70M,1.790B,1.790B,81.80M,2.325B,,3.05,,,3.05,3.05,,3.04,,,3.04,3.04,,584.80M,587.20M,0.10,,AOR,
2020-03,9.318B,9.318B,,,48.00M,-48.00M,47.50M,47.50M,48.00M,-48.00M,51.60M,-48.00M,874.70M,175.60M,699.10M,,-6.40M,6.70M,692.70M,692.70M,77.10M,922.70M,,1.17,,,1.17,1.17,,1.17,,,1.17,1.17,,584.70M,586.90M,0.10,,AOR,
2019-12,10.73B,10.73B,,,47.40M,-47.40M,46.80M,46.80M,47.40M,-47.40M,50.90M,-47.40M,1.339B,264.30M,1.075B,,-3.80M,6.80M,1.071B,1.071B,83.40M,1.386B,,1.82,,,1.82,1.82,,1.82,,,1.82,1.82,,584.10M,586.90M,0.10,,AOR,
2019-09,9.525B,9.525B,,,47.50M,-47.50M,48.70M,48.70M,47.50M,-47.50M,51.50M,-47.50M,1.010B,166.70M,843.60M,,-1.90M,6.70M,841.70M,841.70M,72.20M,1.058B,,1.43,,,1.43,1.43,,1.42,,,1.42,1.42,,584.10M,587.10M,0.10,,AOR,Restated
2019-06,9.444B,9.444B,,,47.40M,-47.40M,45.30M,45.30M,47.40M,-47.40M,50.00M,-47.40M,1.244B,264.60M,979.00M,,-0.40M,6.70M,979.40M,979.40M,80.00M,1.291B,,1.67,,,1.67,1.67,,1.66,,,1.66,1.66,,583.60M,586.90M,0.10,,AOR,Restated
2019-03,9.294B,9.294B,,,47.40M,-47.40M,38.10M,38.10M,47.40M,-47.40M,42.60M,-47.40M,1.568B,484.70M,1.083B,,-4.40M,6.70M,1.078B,1.078B,70.50M,1.615B,,1.84,,,1.84,1.84,,1.83,,,1.83,1.83,,583.50M,586.60M,0.10,,AOR,Restated
2018-12,8.029B,8.029B,,,46.00M,-46.00M,32.00M,32.00M,46.00M,-46.00M,38.90M,-46.00M,242.20M,-17.60M,259.80M,,4.90M,6.80M,264.70M,264.70M,70.60M,288.20M,,0.44,,,0.44,0.44,,0.44,,,0.44,0.44,,583.00M,586.70M,2.514,,,Restated
2018-09,8.49B,8.49B,,,42.00M,-42.00M,35.80M,35.80M,42.00M,-42.00M,42.50M,-42.00M,1.130B,200.30M,930.20M,,-1.80M,6.70M,928.40M,928.40M,69.20M,1.172B,,1.58,,,1.58,1.58,,1.57,,,1.57,1.57,,582.70M,586.60M,0.00,,AOR,Restated
2018-06,8.012B,8.012B,,,41.70M,-41.70M,37.00M,37.00M,41.70M,-41.70M,42.90M,-41.70M,880.10M,178.90M,701.20M,,3.00M,6.70M,704.20M,704.20M,63.70M,921.80M,,1.20,,,1.20,1.20,,1.19,,,1.19,1.19,,582.00M,585.80M,0.00,,AOR,Restated
2018-03,7.424B,7.424B,,,36.80M,-36.80M,29.30M,29.30M,36.80M,-36.80M,34.20M,-36.80M,910.80M,181.00M,729.80M,,-11.80M,1.20M,718.00M,718.00M,58.90M,947.60M,,1.23,,,1.23,1.23,,1.22,,,1.22,1.22,,582.00M,585.60M,1.125,,AOR,Restated
2017-12,7.115B,7.115B,,,35.50M,-35.50M,28.90M,28.90M,35.50M,-35.50M,32.30M,-35.50M,691.40M,111.10M,580.30M,,-4.00M,,576.30M,576.30M,61.20M,726.90M,,0.99,,,0.99,0.99,,0.99,,,0.99,0.99,,581.10M,585.70M,0.00,,AOR,Restated
2017-09,6.786B,6.786B,,,37.40M,-37.40M,28.90M,28.90M,37.40M,-37.40M,33.30M,-37.40M,251.40M,36.60M,214.80M,,9.20M,,224.00M,224.00M,59.90M,288.80M,,0.39,,,0.39,0.39,,0.38,,,0.38,0.38,,581.30M,585.60M,0.00,,AOR,Restated
2017-06,6.599B,6.599B,,,43.40M,-43.40M,27.00M,27.00M,43.40M,-43.40M,32.70M,-43.40M,554.60M,181.90M,372.70M,,-5.10M,,367.60M,367.60M,58.50M,598.00M,,0.63,,,0.63,0.63,,0.63,,,0.63,0.63,,580.50M,583.80M,0.00,,AOR,Restated
2017-03,6.316B,6.316B,,,36.80M,-36.80M,25.70M,25.70M,36.80M,-36.80M,28.50M,-36.80M,641.50M,211.20M,430.30M,,-6.00M,,424.30M,424.30M,56.50M,678.30M,,0.73,,,0.73,0.73,,0.73,,,0.73,0.73,,580.30M,583.30M,0.681,,AOR,Restated
2016-12,6.122B,6.122B,,,37.10M,-37.10M,21.90M,21.90M,37.10M,-37.10M,25.60M,-37.10M,537.50M,139.40M,398.10M,,-14.90M,,383.20M,383.20M,58.30M,574.60M,,0.66,,,0.66,0.66,,0.65,,,0.65,0.65,,579.60M,583.20M,0.00,,AOR,
2016-09,5.930B,5.930B,,0.00,35.30M,-35.30M,23.20M,23.20M,35.30M,-35.30M,26.20M,-35.30M,258.50M,53.00M,205.50M,,-6.80M,,198.70M,198.70M,52.00M,293.80M,,0.34,,,0.34,0.34,,0.34,,,0.34,0.34,,581.50M,584.60M,0.00,,AOR,Restated
2016-06,5.812B,5.812B,,1.60M,34.30M,-34.30M,23.70M,25.30M,34.30M,-34.30M,26.50M,-34.30M,287.30M,92.40M,194.90M,,-4.00M,,190.90M,189.81M,46.20M,321.60M,,0.33,,,0.3281,0.33,,0.33,,,0.3281,0.33,,582.40M,585.10M,0.00,,AOR,Restated
2016-03,5.553B,5.553B,,0.00,34.20M,-34.20M,21.60M,21.60M,34.20M,-34.20M,25.00M,-34.20M,387.40M,128.70M,258.70M,,-0.50M,,258.20M,258.20M,43.00M,421.60M,,0.44,,,0.44,0.44,,0.44,,,0.44,0.44,,583.20M,585.50M,0.8882,,AOR,Restated
2015-12,5.394B,5.394B,,,34.10M,-34.10M,21.60M,21.60M,34.10M,-34.10M,22.70M,-34.10M,514.10M,164.20M,349.90M,,-19.50M,,330.40M,330.40M,43.20M,548.20M,,0.56,,,0.56,0.56,,0.56,,,0.56,0.56,,583.70M,587.40M,0.00,,AOR,Restated
2015-09,5.270B,5.270B,,-0.90M,34.50M,-34.50M,20.40M,19.50M,34.50M,-34.50M,23.10M,-34.50M,429.00M,142.50M,286.50M,,-8.20M,,278.30M,278.90M,41.90M,463.50M,,0.48,,,0.4810,0.48,,0.47,,,0.4710,0.47,,585.20M,589.10M,0.00,,AOR,Restated
2015-06,5.278B,5.278B,,0.00,34.90M,-34.90M,20.50M,20.50M,34.90M,-34.90M,23.30M,-34.90M,525.30M,156.80M,368.50M,,-5.20M,,363.30M,363.30M,41.60M,560.20M,,0.62,,,0.62,0.62,,0.62,,,0.62,0.62,,585.70M,589.50M,0.00,,AOR,Restated
2015-03,4.89B,4.89B,,,32.50M,-32.50M,15.90M,15.90M,32.50M,-32.50M,17.20M,-32.50M,443.20M,147.60M,295.60M,,0.00,,295.60M,295.60M,23.80M,475.70M,,0.50,,,0.50,0.50,,0.50,,,0.50,0.50,,587.60M,591.00M,0.686,,AOR,Restated
2014-12,5.171B,5.171B,,0.00,29.90M,-29.90M,14.80M,14.80M,29.90M,-29.90M,17.20M,-29.90M,546.40M,176.20M,370.20M,,0.00,,370.20M,370.20M,25.30M,576.30M,,0.63,,,0.63,0.63,,0.62,,,0.62,0.62,,587.60M,592.10M,0.00,,AOR,Restated
2014-09,4.767B,4.767B,,-4.80M,30.70M,-30.70M,13.50M,8.70M,30.70M,-30.70M,15.00M,-30.70M,441.80M,145.70M,296.10M,,0.00,,296.10M,299.32M,25.10M,472.50M,,0.50,,,0.5055,0.50,,0.50,,,0.5054,0.50,,589.80M,593.70M,0.00,,AOR,Restated
2014-06,4.736B,4.736B,,,29.60M,-29.60M,12.90M,12.90M,29.60M,-29.60M,14.00M,-29.60M,437.40M,144.00M,293.40M,,0.00,,293.40M,293.40M,23.90M,467.00M,,0.50,,,0.50,0.50,,0.49,,,0.49,0.49,,591.20M,595.50M,0.00,,AOR,Restated
2014-03,4.704B,4.704B,,,26.70M,-26.70M,9.70M,9.70M,26.70M,-26.70M,9.80M,-26.70M,481.80M,160.50M,321.30M,,,,321.30M,321.30M,22.80M,508.50M,,0.54,,,0.54,0.54,,0.54,,,0.54,0.54,,593.90M,597.70M,0.4929,,AOR,Restated
2013-12,4.614B,4.614B,,0.00,26.80M,-26.80M,8.70M,8.70M,26.80M,-26.80M,9.30M,-26.80M,425.60M,125.80M,299.80M,,,,299.80M,299.80M,26.40M,452.40M,,0.51,,,0.51,0.51,,0.50,,,0.50,0.50,,597.30M,602.70M,0.00,,AOR,Restated
2013-09,4.520B,4.520B,,-4.30M,30.40M,-30.40M,11.10M,6.80M,30.40M,-30.40M,11.30M,-30.40M,345.00M,112.60M,232.40M,,,,232.40M,235.30M,25.90M,375.40M,,0.39,,,0.3948,0.39,,0.39,,,0.3948,0.39,,598.90M,603.50M,0.00,,AOR,Restated
2013-06,4.589B,4.589B,,,30.40M,-30.40M,10.40M,10.40M,30.40M,-30.40M,10.60M,-30.40M,486.30M,161.70M,324.60M,,,,324.60M,324.60M,25.30M,516.70M,,0.54,,,0.54,0.54,,0.54,,,0.54,0.54,,599.50M,603.60M,0.00,,AOR,Restated
2013-03,4.432B,4.432B,,,30.60M,-30.60M,8.60M,8.60M,30.60M,-30.60M,8.40M,-30.60M,463.10M,154.50M,308.60M,,,,308.60M,308.60M,23.70M,493.70M,,0.51,,,0.51,0.51,,0.51,,,0.51,0.51,,600.60M,604.40M,0.2845,,AOR,Restated
2012-12,4.346B,4.346B,,0.00,30.60M,-30.60M,8.40M,8.40M,30.60M,-30.60M,7.80M,-30.60M,353.50M,104.40M,249.10M,,,,249.10M,249.10M,25.30M,384.10M,,0.42,,,0.42,0.42,,0.41,,,0.41,0.41,,600.30M,605.70M,0.00,,AOR,Restated
2012-09,4.421B,4.421B,,-0.10M,30.60M,-30.60M,9.60M,9.50M,30.60M,-30.60M,9.90M,-30.60M,412.40M,135.40M,277.00M,,,,277.00M,277.07M,23.60M,443.00M,,0.46,,,0.4601,0.46,,0.46,,,0.4601,0.46,,601.90M,606.50M,0.00,,AOR,Restated
2012-06,4.180B,4.180B,,-1.00M,30.70M,-30.70M,9.90M,8.90M,30.70M,-30.70M,10.20M,-30.70M,167.70M,49.10M,118.60M,,,,118.60M,119.31M,23.20M,198.40M,,0.20,,,0.2012,0.20,,0.19,,,0.1912,0.19,,604.80M,608.90M,0.00,,AOR,Restated
2012-03,4.123B,4.123B,,-0.70M,31.90M,-31.90M,8.20M,7.50M,31.90M,-31.90M,8.20M,-31.90M,384.10M,126.50M,257.60M,,,,257.60M,258.07M,22.30M,416.00M,,0.42,,,0.4208,0.42,,0.42,,,0.4208,0.42,,606.20M,610.00M,0.4072,,AOR,Restated
2011-12,4.184B,4.184B,,10.60M,36.30M,-36.30M,,10.60M,36.30M,-36.30M,6.00M,-36.30M,375.40M,118.70M,256.70M,,,,256.70M,249.45M,-13.20M,411.70M,,0.43,,,0.4181,0.43,,0.41,,,0.3982,0.41,,607.70M,613.20M,0.00,,AOR,Restated
2011-09,3.811B,3.811B,5.10M,-4.10M,33.40M,-33.40M,,1.00M,33.40M,-33.40M,5.60M,-33.40M,208.50M,57.80M,150.70M,,,,150.70M,153.66M,34.60M,241.90M,,0.24,0.00,,0.2447,0.24,,0.24,0.00,,0.2447,0.24,,626.90M,631.40M,0.00,,AOR,Restated
2011-06,3.873B,3.873B,4.80M,-3.50M,31.50M,-31.50M,,1.30M,31.50M,-31.50M,6.00M,-31.50M,357.70M,112.50M,245.20M,,,,245.20M,247.60M,33.90M,389.20M,,0.38,0.00,,0.3837,0.38,,0.38,0.00,,0.3837,0.38,,643.60M,647.90M,0.00,,AOR,Restated
2011-03,3.894B,3.894B,4.00M,-3.10M,31.50M,-31.50M,,0.90M,31.50M,-31.50M,5.20M,-31.50M,545.40M,182.50M,362.90M,,,,362.90M,364.96M,33.20M,576.90M,,0.56,0.00,,0.5632,0.56,,0.55,0.00,,0.5531,0.55,,651.80M,655.80M,0.3987,,AOR,Restated
2010-12,4.082B,4.082B,,8.50M,31.30M,-31.30M,,8.50M,31.30M,-31.30M,11.90M,-31.30M,426.20M,127.00M,299.20M,,,,299.20M,293.23M,-14.50M,457.50M,,0.45,,,0.4409,0.45,,0.45,,,0.4410,0.45,,654.00M,660.00M,0.00,,AOR,Restated
2010-09,3.763B,3.763B,5.20M,6.10M,31.90M,-31.90M,,11.30M,31.90M,-31.90M,4.80M,-31.90M,387.20M,125.60M,261.60M,,,,261.60M,257.48M,32.00M,419.10M,,0.40,0.00,,0.3937,0.40,,0.40,0.00,,0.3938,0.40,,655.80M,661.20M,0.00,,AOR,
2010-06,3.686B,3.686B,5.50M,-4.60M,35.10M,-35.10M,,0.90M,35.10M,-35.10M,5.00M,-35.10M,312.90M,101.00M,211.90M,,,,211.90M,215.02M,34.00M,348.00M,,0.32,0.00,,0.3247,0.32,,0.32,0.00,,0.3247,0.32,,660.40M,665.70M,0.00,,AOR,Restated
2010-03,3.666B,3.666B,5.20M,-3.60M,35.20M,-35.20M,,1.60M,35.20M,-35.20M,4.20M,-35.20M,438.90M,143.30M,295.60M,,,,295.60M,298.02M,31.60M,474.10M,,0.45,0.00,,0.4537,0.45,,0.44,0.00,,0.4436,0.44,,661.40M,666.40M,0.1613,,AOR,Restated
2009-12,3.901B,3.901B,4.60M,-3.00M,35.30M,-35.30M,,1.60M,35.30M,-35.30M,,-35.30M,454.30M,149.30M,305.00M,,,,305.00M,307.01M,34.40M,489.60M,,0.46,0.00,,0.4630,0.46,,0.45,0.00,,0.4530,0.45,,662.60M,669.20M,0.00,,AOR,Restated
2009-09,3.611B,3.611B,5.50M,-2.90M,35.30M,-35.30M,,2.60M,35.30M,-35.30M,4.50M,-35.30M,372.00M,102.10M,269.90M,,,,269.90M,272.00M,30.70M,407.30M,,0.40,0.00,,0.4032,0.40,,0.40,0.00,,0.4031,0.40,,666.70M,672.80M,0.00,,AOR,Restated
2009-06,3.584B,3.584B,4.70M,,34.70M,-34.70M,2.60M,7.30M,34.70M,-34.70M,4.10M,-34.70M,353.90M,103.80M,250.10M,,,,250.10M,250.10M,32.60M,388.60M,,0.37,0.00,,0.37,0.37,,0.37,0.00,,0.37,0.37,,669.20M,674.60M,0.00,,AOR,Restated
2009-03,3.468B,3.468B,4.60M,-2.60M,33.70M,-33.70M,,2.00M,33.70M,-33.70M,3.50M,-33.70M,376.70M,144.20M,232.50M,,,,232.50M,234.10M,29.90M,410.40M,,0.35,0.00,,0.3524,0.35,,0.35,0.00,,0.3524,0.35,,668.60M,668.60M,0.00,,AOR,Restated
2008-12,3.508B,3.508B,3.90M,-2.40M,33.90M,-33.90M,,1.50M,33.90M,-33.90M,,-33.90M,218.90M,59.60M,159.30M,,,,159.30M,161.05M,35.70M,252.80M,,0.24,0.00,,0.2426,0.24,,0.24,0.00,,0.2426,0.24,,666.80M,671.80M,0.00,,AOR,Restated
2008-09,2.210B,2.210B,6.00M,-2.00M,34.20M,-34.20M,,4.00M,34.20M,-34.20M,3.80M,-34.20M,-1.081B,-396.70M,-684.20M,,,,-684.20M,-682.93M,33.90M,-1.047B,,-1.03,0.00,,-1.028,-1.03,,-1.03,0.00,,-1.028,-1.03,,666.30M,672.80M,0.00,,AOR,Restated
2008-06,3.537B,3.537B,5.40M,-2.90M,34.30M,-34.30M,,2.50M,34.30M,-34.30M,4.20M,-34.30M,302.50M,87.00M,215.50M,,,,215.50M,217.57M,33.70M,336.80M,,0.32,0.00,,0.3231,0.32,,0.32,0.00,,0.3231,0.32,,667.40M,667.40M,0.00,,AOR,Restated
2008-03,3.586B,3.586B,5.10M,,34.30M,-34.30M,1.50M,6.60M,34.30M,-34.30M,4.40M,-34.30M,337.20M,97.80M,239.40M,,,,239.40M,239.40M,30.30M,371.50M,,0.36,0.00,,0.36,0.36,,0.35,0.00,,0.35,0.35,,671.50M,677.30M,0.145,,AOR,Restated
2007-12,3.614B,3.614B,,,34.50M,-34.50M,7.30M,7.30M,34.50M,-34.50M,4.80M,-34.50M,330.80M,94.70M,236.10M,,,,236.10M,236.10M,32.50M,365.30M,,0.35,0.00,,0.35,0.35,,0.35,0.00,,0.35,0.35,,679.80M,687.30M,0.00,,AOR,Restated
2007-09,3.710B,3.710B,,,34.70M,-34.70M,8.30M,8.30M,34.70M,-34.70M,5.40M,-34.70M,422.60M,123.40M,299.20M,,,,299.20M,299.20M,32.00M,457.30M,,0.43,0.00,,0.43,0.43,,0.42,0.00,,0.42,0.42,,702.60M,710.80M,0.00,,AOR,Restated
2007-06,3.676B,3.676B,4.70M,-4.60M,20.50M,-20.50M,,0.10M,20.50M,-20.50M,5.90M,-20.50M,406.90M,123.20M,283.70M,,,,283.70M,286.91M,42.70M,427.40M,,0.39,0.00,,0.3944,0.39,,0.39,0.00,,0.3944,0.39,,721.80M,721.80M,0.00,,AOR,Restated
2007-03,3.687B,3.687B,5.20M,,18.90M,-18.90M,2.80M,8.00M,18.90M,-18.90M,29.50M,-18.90M,532.70M,169.20M,363.50M,,,,363.50M,363.50M,26.20M,551.60M,,0.49,0.00,,0.49,0.49,,0.49,0.00,,0.49,0.49,,737.80M,745.30M,0.00,,AOR,Restated
2006-12,3.694B,3.694B,5.10M,,18.90M,-18.90M,3.10M,8.20M,18.90M,-18.90M,6.80M,-18.90M,590.70M,189.80M,400.90M,,,,400.90M,400.90M,27.40M,609.60M,,0.53,0.00,,0.53,0.53,,0.52,0.00,,0.52,0.52,,758.10M,758.10M,0.0088,,AOR,Restated
2006-09,3.724B,3.724B,6.20M,,18.50M,-18.50M,2.90M,9.10M,18.50M,-18.50M,7.30M,-18.50M,603.10M,193.50M,409.60M,,,,409.60M,409.60M,26.80M,621.60M,,0.54,0.00,,0.54,0.54,,0.53,0.00,,0.53,0.53,,763.20M,763.20M,0.0088,,AOR,Restated
2006-06,3.708B,3.708B,6.30M,,19.40M,-19.40M,3.40M,9.70M,19.40M,-19.40M,7.90M,-19.40M,591.90M,191.50M,400.40M,,,,400.40M,400.40M,25.00M,611.30M,,0.52,0.00,,0.52,0.52,,0.5159,0.00,,0.5159,0.5159,,776.10M,776.10M,0.0075,,AOR,Restated
2006-03,3.661B,3.661B,6.80M,,20.50M,-20.50M,2.50M,9.30M,20.50M,-20.50M,8.90M,-20.50M,647.50M,210.90M,436.60M,,,,436.60M,436.60M,24.20M,668.00M,,0.56,0.00,,0.56,0.56,,0.55,0.00,,0.55,0.55,,781.20M,791.70M,0.0075,,AOR,Restated
2005-12,3.599B,3.599B,6.20M,,20.40M,-20.40M,3.30M,9.50M,20.40M,-20.40M,9.00M,-20.40M,409.70M,128.10M,281.60M,,,,281.60M,281.60M,23.90M,430.10M,,0.36,0.00,,0.36,0.36,,0.35,0.00,,0.35,0.35,,783.50M,795.10M,0.0075,,AOR,Restated
2005-09,3.622B,3.622B,6.40M,,20.70M,-20.70M,2.90M,9.30M,20.70M,-20.70M,9.70M,-20.70M,447.80M,142.50M,305.30M,,,,305.30M,305.30M,23.40M,468.50M,,0.39,0.00,,0.39,0.39,,0.38,0.00,,0.38,0.38,,783.10M,794.50M,0.0075,,AOR,Restated
2005-06,3.590B,3.590B,6.60M,,20.70M,-20.70M,3.10M,9.70M,20.70M,-20.70M,10.30M,-20.70M,586.70M,192.40M,394.30M,,,,394.30M,394.30M,22.90M,607.40M,,0.50,0.00,,0.50,0.50,,0.49,0.00,,0.49,0.49,,788.60M,800.10M,0.0075,,AOR,Restated
2005-03,3.492B,3.492B,5.40M,,20.80M,-20.80M,2.80M,8.20M,20.80M,-20.80M,21.40M,-20.80M,614.70M,202.00M,412.70M,,,,412.70M,412.70M,22.20M,635.50M,,0.5175,0.00,,0.5175,0.5175,,0.51,0.00,,0.51,0.51,,796.00M,807.60M,0.0075,,AOR,Restated
2004-12,3.696B,3.696B,7.00M,,20.50M,-20.50M,3.50M,10.50M,20.50M,-20.50M,11.90M,-20.50M,617.70M,204.20M,413.50M,,,,413.50M,413.50M,219.70M,638.20M,,0.5075,0.00,,0.5075,0.5075,,0.5025,0.00,,0.5025,0.5025,,812.00M,864.80M,0.0075,,AOR,Restated
2004-09,3.438B,3.438B,5.90M,,20.10M,-20.10M,4.20M,10.10M,20.10M,-20.10M,12.10M,-20.10M,579.40M,190.50M,388.90M,,,,388.90M,388.90M,25.80M,599.50M,,0.45,0.00,,0.45,0.45,,0.4425,0.00,,0.4425,0.4425,,864.00M,864.00M,0.0075,,AOR,Restated
2004-06,3.367B,3.367B,6.60M,,19.70M,-19.70M,2.90M,9.50M,19.70M,-19.70M,12.10M,-19.70M,575.00M,188.70M,386.30M,,,,386.30M,386.30M,23.80M,594.70M,,0.4475,0.00,,0.4475,0.4475,,0.44,0.00,,0.44,0.44,,865.20M,879.20M,0.0063,,AOR,Restated
2004-03,3.280B,3.280B,5.50M,,20.50M,-20.50M,3.30M,8.80M,20.50M,-20.50M,12.40M,-20.50M,678.70M,218.70M,460.00M,,,,460.00M,460.00M,22.80M,699.20M,,0.5325,0.00,,0.5325,0.5325,,0.5225,0.00,,0.5225,0.5225,,865.60M,880.00M,0.0063,,AOR,Restated
2003-12,3.170B,3.170B,6.30M,,23.70M,-23.70M,3.20M,9.50M,23.70M,-23.70M,12.10M,-23.70M,526.50M,168.70M,357.80M,,,,357.80M,357.80M,25.20M,550.20M,,0.415,0.00,,0.415,0.415,,0.4075,0.00,,0.4075,0.4075,,858.80M,873.60M,0.0063,,AOR,Restated
2003-09,3.081B,3.081B,6.70M,,24.00M,-24.00M,2.70M,9.40M,24.00M,-24.00M,41.60M,-24.00M,475.10M,155.30M,319.80M,,,,319.80M,319.80M,22.40M,499.10M,,0.3675,0.00,,0.3675,0.3675,,0.3625,0.00,,0.3625,0.3625,,867.60M,882.00M,0.0063,,AOR,Restated
2003-06,2.921B,2.921B,6.80M,,23.70M,-23.70M,2.30M,9.10M,23.70M,-23.70M,10.50M,-23.70M,424.80M,138.50M,286.30M,,,,286.30M,286.30M,21.50M,448.50M,,0.33,0.00,,0.33,0.33,,0.3225,0.00,,0.3225,0.3225,,870.40M,886.00M,0.0063,,AOR,Restated
2003-03,2.72B,2.72B,5.90M,,24.10M,-24.10M,3.30M,9.20M,24.10M,-24.10M,8.80M,-24.10M,433.30M,141.80M,291.50M,,,,291.50M,291.50M,20.20M,457.40M,,0.335,0.00,,0.335,0.335,,0.33,0.00,,0.33,0.33,,871.60M,885.20M,0.0063,,AOR,Restated
2002-12,2.548B,2.548B,5.60M,,20.80M,-20.80M,3.40M,9.00M,20.80M,-20.80M,8.50M,-20.80M,219.50M,67.30M,152.20M,,,,152.20M,152.20M,22.40M,240.30M,,0.175,0.00,,0.175,0.175,,0.1725,0.00,,0.1725,0.1725,,871.20M,888.00M,0.0063,,AOR,Restated
2002-09,2.419B,2.419B,5.90M,,17.60M,-17.60M,2.80M,8.70M,17.60M,-17.60M,9.20M,-17.60M,263.70M,85.20M,178.50M,,,,178.50M,178.50M,21.60M,281.30M,,0.205,0.00,,0.205,0.205,,0.20,0.00,,0.20,0.20,,871.60M,887.20M,0.0063,,AOR,
2002-06,2.259B,2.259B,5.40M,,18.10M,-18.10M,2.30M,7.70M,18.10M,-18.10M,8.80M,-18.10M,236.90M,76.50M,160.40M,,,,160.40M,160.40M,20.90M,255.00M,,0.1825,0.00,,0.1825,0.1825,,0.1775,0.00,,0.1775,0.1775,,879.20M,897.60M,0.0058,,AOR,
2002-03,2.069B,2.069B,5.10M,,18.10M,-18.10M,3.00M,8.10M,18.10M,-18.10M,7.80M,-18.10M,261.30M,85.10M,176.20M,,,,176.20M,176.20M,19.00M,279.40M,,0.20,0.00,,0.20,0.20,,0.195,0.00,,0.195,0.195,,882.00M,898.80M,0.0058,,AOR,
2001-12,1.992B,1.992B,4.90M,,14.20M,-14.20M,3.40M,8.30M,14.20M,-14.20M,7.10M,-14.20M,176.80M,52.10M,124.70M,,,,124.70M,124.70M,22.80M,191.00M,,0.1408,0.00,,0.1408,0.1408,,0.1392,0.00,,0.1392,0.1392,,882.80M,903.20M,0.0058,,AOR,Restated
2001-09,1.860B,1.860B,5.60M,,12.90M,-12.90M,2.10M,7.70M,12.90M,-12.90M,6.80M,-12.90M,138.20M,41.80M,96.40M,,,,96.40M,96.40M,20.60M,151.10M,,0.1092,0.00,,0.1092,0.1092,,0.1075,0.00,,0.1075,0.1075,,883.20M,900.00M,0.0058,,AOR,
2001-06,1.863B,1.863B,4.70M,,12.80M,-12.80M,2.50M,7.20M,12.80M,-12.80M,5.90M,-12.80M,149.20M,45.50M,103.70M,,,,103.70M,103.70M,19.50M,162.00M,,0.1167,0.00,,0.1167,0.1167,,0.115,0.00,,0.115,0.115,,886.80M,903.60M,0.0058,,AOR,
2001-03,1.774B,1.774B,4.60M,,12.30M,-12.30M,4.70M,9.30M,12.30M,-12.30M,4.90M,-12.30M,123.40M,36.80M,86.60M,,,,86.60M,86.60M,18.10M,135.70M,,0.0983,0.00,,0.0983,0.0983,,0.0967,0.00,,0.0967,0.0967,,883.20M,897.60M,0.0058,,AOR,
2000-12,1.765B,1.765B,5.10M,,18.10M,-18.10M,6.00M,11.10M,18.10M,-18.10M,5.30M,-18.10M,65.90M,17.90M,48.00M,,,,48.00M,48.00M,19.50M,84.00M,,0.055,0.00,,0.055,0.055,,0.0542,0.00,,0.0542,0.0542,,882.00M,895.20M,0.0058,,AOR,Restated
2000-09,1.752B,1.752B,5.50M,,19.80M,-19.80M,3.40M,8.90M,19.80M,-19.80M,5.00M,-19.80M,81.10M,22.30M,58.80M,,,,58.80M,58.80M,20.30M,100.90M,,0.0667,0.00,,0.0667,0.0667,,0.0658,0.00,,0.0658,0.0658,,879.60M,891.60M,0.0058,,AOR,
2000-06,1.653B,1.653B,5.30M,,20.00M,-20.00M,2.20M,7.50M,20.00M,-20.00M,5.00M,-20.00M,-33.40M,-19.30M,-14.10M,,,,-14.10M,-14.10M,19.40M,-13.40M,,-0.0158,0.00,,-0.0158,-0.0158,,-0.0158,0.00,,-0.0158,-0.0158,,877.20M,891.60M,0.0054,,AOR,
2000-03,1.602B,1.602B,,,19.90M,-19.90M,,,19.90M,-19.90M,80.50M,-19.90M,0.00,-35.20M,-46.60M,,,,-46.60M,-46.60M,18.40M,19.90M,,-0.0533,0.00,,-0.0533,-0.0533,,-0.0533,0.00,,-0.0533,-0.0533,,876.88M,887.69M,0.0054,,AOR,
1999-12,1.604B,1.604B,,,19.80M,-19.80M,,,19.80M,-19.80M,-281.30M,-19.80M,412.20M,-7.00M,3.80M,,,,3.80M,3.80M,22.10M,432.00M,,0.0045,0.00,,0.0045,0.0045,,0.0045,0.00,,0.0045,0.0045,,873.97M,888.26M,0.0054,,AOR,Restated
1999-09,1.585B,1.585B,,,19.70M,-19.70M,,,19.70M,-19.70M,126.00M,-19.70M,0.00,30.20M,74.00M,,,,74.00M,74.00M,19.20M,19.70M,,0.0841,0.00,,0.0841,0.0841,,0.0824,0.00,,0.0824,0.0824,,880.08M,897.86M,0.0054,,,
1999-06,1.525B,1.525B,,,20.10M,-20.10M,,,20.10M,-20.10M,120.10M,-20.10M,0.00,48.60M,112.10M,,,,112.10M,112.10M,15.50M,20.10M,,0.1282,0.00,,0.1282,0.1282,,0.1249,0.00,,0.1249,0.1249,,874.38M,897.70M,0.0054,,,
1999-03,1.41B,1.41B,,,16.80M,-16.80M,,,16.80M,-16.80M,87.90M,-16.80M,0.00,45.20M,105.30M,,,,105.30M,105.30M,15.00M,16.80M,,0.1207,0.00,,0.1207,0.1207,,0.1174,0.00,,0.1174,0.1174,,872.32M,897.06M,0.0054,,,
1998-12,1.339B,1.339B,,,15.10M,-15.10M,,,15.10M,-15.10M,-260.00M,-15.10M,661.10M,30.60M,78.50M,,,,78.50M,78.50M,15.10M,676.20M,,0.0904,0.00,,0.0904,0.0904,,0.0879,0.00,,0.0879,0.0879,,867.38M,890.10M,0.0054,,AOR,Restated
1998-09,1.363B,1.363B,,,14.70M,-14.70M,,,14.70M,-14.70M,81.60M,-14.70M,0.00,62.50M,135.10M,,,,135.10M,135.10M,13.80M,14.70M,,0.1548,0.00,,0.1548,0.1548,,0.1507,0.00,,0.1507,0.1507,,870.87M,897.30M,0.0054,,,
1998-06,1.335B,1.335B,,,15.20M,-15.20M,,,15.20M,-15.20M,107.40M,-15.20M,0.00,55.50M,123.00M,,,,123.00M,123.00M,14.30M,15.20M,,0.1415,0.00,,0.1415,0.1415,,0.1340,0.00,,0.1340,0.1340,,869.10M,917.68M,0.005,,,
1998-03,1.255B,1.255B,,,16.10M,-16.10M,,,16.10M,-16.10M,109.20M,-16.10M,0.00,55.80M,120.10M,,,,120.10M,120.10M,12.90M,16.10M,,0.1382,0.00,,0.1382,0.1382,,0.1315,0.00,,0.1315,0.1315,,869.06M,913.06M,0.005,,,
1997-12,1.320B,1.320B,,,16.20M,-16.20M,,,16.20M,-16.20M,-261.20M,-16.20M,578.50M,46.70M,105.20M,,,,105.20M,105.20M,11.70M,594.70M,,0.1370,0.00,,0.1370,0.1370,,0.1162,0.00,,0.1162,0.1162,,746.09M,886.48M,0.005,,AOR,
1997-09,1.203B,1.203B,,,16.20M,-16.20M,,,16.20M,-16.20M,125.30M,-16.20M,0.00,53.50M,116.20M,,,,116.20M,116.20M,9.80M,16.20M,,0.1282,0.00,,0.1282,0.1282,,0.1282,0.00,,0.1282,0.1282,,908.11M,909.31M,0.005,,,
1997-06,1.119B,1.119B,,,16.10M,-16.10M,,,16.10M,-16.10M,109.00M,-16.10M,0.00,46.70M,102.10M,,,,102.10M,102.10M,8.50M,16.10M,,0.1132,0.00,,0.1132,0.1132,,0.1132,0.00,,0.1132,0.1132,,900.90M,904.50M,0.005,,,
1997-03,966.50M,966.50M,,,16.10M,-16.10M,,,16.10M,-16.10M,72.20M,-16.10M,0.00,31.60M,76.50M,,,,76.50M,76.50M,6.60M,16.10M,,0.0849,0.00,,0.0849,0.0849,,0.0849,0.00,,0.0849,0.0849,,898.50M,898.50M,0.005,,,
1996-12,937.40M,937.40M,,,16.10M,-16.10M,,,16.10M,-16.10M,-150.80M,-16.10M,441.70M,39.90M,91.70M,,,,91.70M,91.70M,5.90M,457.80M,,0.1027,0.00,,0.1027,0.1027,,0.1002,0.00,,0.1002,0.1002,,966.83M,978.96M,0.005,,AOR,
1996-09,893.90M,893.90M,,,16.10M,-16.10M,,,16.10M,-16.10M,66.40M,-16.10M,0.00,32.60M,80.30M,,,,80.30M,80.30M,5.10M,16.10M,,0.0899,0.00,,0.0899,0.0899,,0.0899,0.00,,0.0899,0.0899,,888.89M,891.29M,0.005,,,
1996-06,848.10M,848.10M,,,15.00M,-15.00M,,,15.00M,-15.00M,63.60M,-15.00M,0.00,31.70M,78.40M,,,,78.40M,78.40M,7.60M,15.00M,,0.0841,0.00,,0.0841,0.0841,,0.0841,0.00,,0.0841,0.0841,,884.08M,885.28M,0.0046,,,
1996-03,799.00M,799.00M,,,14.30M,-14.30M,,,14.30M,-14.30M,67.00M,-14.30M,0.00,23.80M,63.40M,,,,63.40M,63.40M,5.20M,14.30M,,0.0683,0.00,,0.0683,0.0683,,0.0683,0.00,,0.0683,0.0683,,896.10M,896.10M,0.0046,,,
1995-12,782.90M,782.90M,,,14.30M,-14.30M,,,14.30M,-14.30M,-179.10M,-14.30M,345.90M,25.90M,66.40M,,,,66.40M,66.40M,5.30M,360.20M,,0.0719,0.00,,0.0719,0.0719,,0.0710,0.00,,0.0710,0.0710,,1.018B,1.030B,0.0046,,AOR,
1995-09,775.70M,775.70M,,,14.30M,-14.30M,,,14.30M,-14.30M,66.40M,-14.30M,0.00,25.00M,62.50M,,,,62.50M,62.50M,5.10M,14.30M,,0.0674,0.00,,0.0674,0.0674,,0.0674,0.00,,0.0674,0.0674,,892.49M,893.69M,0.0046,,,
1995-06,759.50M,759.50M,,,14.20M,-14.20M,,,14.20M,-14.20M,82.10M,-14.20M,0.00,23.70M,60.80M,,,,60.80M,60.80M,5.20M,14.20M,,0.0658,0.00,,0.0658,0.0658,,0.0658,0.00,,0.0658,0.0658,,888.89M,888.89M,0.0046,,,
1995-03,693.80M,693.80M,,,14.30M,-14.30M,,,14.30M,-14.30M,69.50M,-14.30M,0.00,20.80M,60.70M,,,,60.70M,60.70M,4.80M,14.30M,,0.0658,0.00,,0.0658,0.0658,,0.0658,0.00,,0.0658,0.0658,,888.89M,890.09M,0.0046,,,
1994-12,664.80M,664.80M,,,14.20M,-14.20M,,,14.20M,-14.20M,-121.00M,-14.20M,379.80M,43.70M,100.90M,,,,100.90M,100.90M,5.10M,394.00M,,0.1119,0.00,,0.1119,0.1119,,0.1119,0.00,,0.1119,0.1119,,997.24M,997.24M,0.0046,,AOR,
1994-09,634.10M,634.10M,,,13.80M,-13.80M,,,13.80M,-13.80M,61.80M,-13.80M,0.00,25.00M,64.80M,,,,64.80M,64.80M,5.90M,13.80M,,0.0708,0.00,,0.0708,0.0708,,0.0708,0.00,,0.0708,0.0708,,887.69M,887.69M,0.0046,,,
1994-06,594.00M,594.00M,,,13.80M,-13.80M,,,13.80M,-13.80M,57.40M,-13.80M,0.00,21.20M,60.50M,,,,60.50M,60.50M,4.30M,13.80M,,0.0658,0.00,,0.0658,0.0658,,0.0658,0.00,,0.0658,0.0658,,886.49M,887.69M,0.0042,,,
1994-03,522.40M,522.40M,,,13.50M,-13.50M,,,13.50M,-13.50M,43.70M,-13.50M,0.00,15.60M,48.10M,,,,48.10M,48.10M,4.00M,13.50M,,0.0516,0.00,,0.0516,0.0516,,0.0516,0.00,,0.0516,0.0516,,894.90M,894.90M,0.0042,,,
1993-12,509.70M,509.70M,,,11.30M,-11.30M,,,11.30M,-11.30M,-186.00M,-11.30M,373.10M,18.50M,53.40M,,,,53.40M,53.40M,3.80M,384.40M,,0.0561,0.00,,0.0561,0.0561,,0.0561,0.00,,0.0561,0.0561,,934.16M,935.08M,0.0042,,AOR,
1993-09,515.60M,515.60M,,,9.10M,-9.10M,,,9.10M,-9.10M,83.70M,-9.10M,0.00,34.20M,82.60M,,,,82.60M,82.60M,3.60M,9.10M,,0.0916,0.00,,0.0916,0.0916,,0.0907,0.00,,0.0907,0.0907,,901.99M,910.26M,0.0042,,,
1993-06,494.40M,494.40M,,,9.50M,-9.50M,,,9.50M,-9.50M,83.10M,-9.50M,0.00,32.70M,79.70M,,,,79.70M,79.70M,4.30M,9.50M,,0.0924,0.00,,0.0924,0.0924,,0.0924,0.00,,0.0924,0.0924,,862.48M,862.48M,0.0042,,,
1993-03,435.10M,435.10M,,,9.80M,-9.80M,,,9.80M,-9.80M,62.90M,-9.80M,0.00,20.40M,51.60M,,,,51.60M,51.60M,4.40M,9.80M,,0.0591,0.00,,0.0591,0.0591,,0.0591,0.00,,0.0591,0.0591,,872.98M,872.98M,0.0042,,,
1992-12,432.30M,432.30M,,,10.60M,-10.60M,,,10.60M,-10.60M,51.30M,-10.60M,0.00,4.20M,32.90M,0.00,,,32.90M,32.90M,4.90M,10.60M,,0.0408,0.0008,0.00,0.0408,0.0416,,0.0358,0.0008,-0.0020,0.0358,0.0366,,791.42M,858.85M,0.0042,,,
1992-09,412.50M,412.50M,,,11.20M,-11.20M,,,11.20M,-11.20M,51.60M,-11.20M,0.00,16.40M,44.70M,,,,44.70M,44.70M,5.80M,11.20M,,0.0583,0.00,,0.0583,0.0583,,0.0516,0.00,,0.0516,0.0516,,767.05M,866.03M,0.0039,,,
1992-06,507.00M,507.00M,,,11.20M,-11.20M,,,11.20M,-11.20M,154.40M,-11.20M,0.00,13.10M,40.10M,,,,40.10M,40.10M,6.40M,11.20M,,0.0500,0.00,,0.0500,0.0500,,0.0441,0.00,,0.0441,0.0441,,802.80M,908.82M,0.0039,,,
1992-03,387.00M,387.00M,,,11.40M,-11.40M,,,11.40M,-11.40M,55.50M,-11.40M,0.00,5.30M,21.90M,14.20M,,,36.10M,21.90M,7.20M,11.40M,,0.0258,0.0183,0.00,0.0258,0.0441,,0.0233,0.0158,0.0154,0.0233,0.0391,,818.17M,922.61M,0.0039,,,
1991-12,379.20M,379.20M,,,12.10M,-12.10M,,,12.10M,-12.10M,53.50M,-12.10M,,,-13.70M,,,,-13.70M,-13.70M,7.70M,-1.60M,,-0.0191,0.00,,-0.0191,-0.0191,,-0.0191,0.00,,-0.0191,-0.0191,,1.232B,1.232B,0.0036,,,
1991-09,387.40M,387.40M,,,11.80M,-11.80M,,,11.80M,-11.80M,53.90M,-11.80M,0.00,4.20M,11.20M,,,,11.20M,11.20M,8.50M,11.80M,,0.0117,0.00,,0.0117,0.0117,,0.0108,0.00,,0.0108,0.0108,,960.96M,960.96M,0.0036,,,
1991-06,373.60M,373.60M,,,11.80M,-11.80M,,,11.80M,-11.80M,50.80M,-11.80M,0.00,-6.00M,9.70M,,,,9.70M,9.70M,6.00M,11.80M,,0.0108,0.00,,0.0108,0.0108,,0.0108,0.00,,0.0108,0.0108,,896.24M,896.24M,0.0036,,,
1991-03,352.90M,352.90M,,,12.10M,-12.10M,,,12.10M,-12.10M,48.00M,-12.10M,0.00,3.30M,25.70M,,,,25.70M,25.70M,6.20M,12.10M,,0.0308,0.00,,0.0308,0.0308,,0.0283,0.00,,0.0283,0.0283,,834.33M,907.97M,0.0036,,,
1990-12,-898.80M,-898.80M,,,11.60M,-11.60M,,,11.60M,-11.60M,,-11.60M,0.00,-21.10M,11.10M,,,,11.10M,11.10M,,11.60M,,0.0142,0.00,,0.0142,0.0142,,0.0125,0.00,,0.0125,0.0125,,834.16M,919.45M,0.0033,,,
1990-09,348.00M,348.00M,,,12.70M,-12.70M,,,12.70M,-12.70M,44.50M,-12.70M,0.00,-1.40M,18.10M,,,,18.10M,18.10M,3.60M,12.70M,,0.0208,0.00,,0.0208,0.0208,,0.0200,0.00,,0.0200,0.0200,,869.65M,905.91M,0.0033,,,
1990-06,345.90M,345.90M,,,12.10M,-12.10M,,,12.10M,-12.10M,48.70M,-12.10M,0.00,8.50M,36.80M,,,,36.80M,36.80M,3.70M,12.10M,,0.0416,0.00,,0.0416,0.0416,,0.0383,0.00,,0.0383,0.0383,,884.08M,960.96M,0.0033,,,
1990-03,341.60M,341.60M,,,12.00M,-12.00M,,,12.00M,-12.00M,50.10M,-12.00M,0.00,6.10M,27.40M,,,,27.40M,27.40M,4.10M,12.00M,,0.0283,0.00,,0.0283,0.0283,,0.0283,0.00,,0.0283,0.0283,,968.03M,968.03M,0.0033,,,
1989-12,335.40M,335.40M,,,12.30M,-12.30M,,,12.30M,-12.30M,40.90M,-12.30M,0.00,-4.30M,0.30M,,,,0.30M,0.30M,4.80M,12.30M,,0.0003,,,0.0003,0.0003,,0.0003,,,0.0003,0.0003,,916.23M,916.23M,0.0031,,,
1989-09,354.80M,354.80M,,,12.20M,-12.20M,,,12.20M,-12.20M,54.60M,-12.20M,0.00,2.30M,23.70M,,,,23.70M,23.70M,4.50M,12.20M,,0.0233,0.00,,0.0233,0.0233,,0.0233,0.00,,0.0233,0.0233,,1.017B,1.017B,0.0031,,,
1989-06,353.60M,353.60M,,,12.40M,-12.40M,,,12.40M,-12.40M,55.60M,-12.40M,0.00,6.30M,31.50M,,,,31.50M,31.50M,4.20M,12.40M,,0.0325,0.00,,0.0325,0.0325,,0.0308,0.00,,0.0308,0.0308,,970.19M,1.023B,0.0031,,,
1989-03,348.90M,348.90M,,,12.40M,-12.40M,,,12.40M,-12.40M,45.10M,-12.40M,0.00,3.80M,22.50M,,,,22.50M,22.50M,3.90M,12.40M,,0.0225,0.00,,0.0225,0.0225,,0.0225,0.00,,0.0225,0.0225,,1.001B,1.001B,0.0031,,,
1988-12,435.50M,435.50M,,,,,,,,,,,,,28.70M,,,,28.70M,28.70M,,,,0.0300,0.00,,0.0300,0.0300,,0.0275,0.00,,0.0275,0.0275,,949.73M,1.044B,0.0028,,,
1988-09,312.10M,312.10M,,,,,,,,,,,,,25.60M,,,,25.60M,25.60M,,,,0.0258,0.00,,0.0258,0.0258,,0.0250,0.00,,0.0250,0.0250,,991.94M,1.025B,0.0028,,,
1988-06,307.90M,307.90M,,,,,,,,,,,,,23.60M,,,,23.60M,23.60M,,,,0.0225,0.00,,0.0225,0.0225,,0.0208,0.00,,0.0208,0.0208,,1.050B,1.134B,0.0028,,,
1988-03,289.20M,289.20M,,,,,,,,,,,,,30.80M,,,,30.80M,30.80M,,,,0.0291,0.00,,0.0291,0.0291,,0.0291,0.00,,0.0291,0.0291,,1.057B,1.057B,0.0028,,,
1987-12,296.30M,296.30M,,,,,,,,,,,,,23.60M,,,,23.60M,23.60M,,,,0.0225,0.00,,0.0225,0.0225,,0.0225,0.00,,0.0225,0.0225,,1.050B,1.050B,0.0028,,,
1987-09,259.40M,259.40M,,,,,,,,,,,,,25.00M,,,,25.00M,25.00M,,,,0.0241,0.00,,0.0241,0.0241,,0.0241,0.00,,0.0241,0.0241,,1.035B,1.035B,0.0028,,,
1987-06,234.80M,234.80M,,,,,,,,,,,,,22.40M,,,,22.40M,22.40M,,,,0.0216,0.00,,0.0216,0.0216,,0.0216,0.00,,0.0216,0.0216,,1.035B,1.035B,0.0004,,,
1987-03,209.40M,209.40M,,,,,,,,,,,,,20.30M,,,,20.30M,20.30M,,,,0.0191,0.00,,0.0191,0.0191,,0.0191,0.00,,0.0191,0.0191,,1.060B,1.060B,0.0004,,,
1986-12,242.40M,242.40M,,,,,,,,,,,,,3.40M,,,,3.40M,3.40M,,,,0.0117,0.00,,0.0117,0.0117,,0.0117,0.00,,0.0117,0.0117,,1.009B,1.009B,0.0004,,,
1986-09,177.30M,177.30M,,,,,,,,,,,,,12.30M,,,,12.30M,12.30M,,,,0.0117,0.00,,0.0117,0.0117,,0.0117,0.00,,0.0117,0.0117,,1.055B,1.055B,0.0004,,,
1986-06,162.60M,162.60M,,,,,,,,,,,,,18.40M,,,,18.40M,18.40M,,,,0.0183,0.00,,0.0183,0.0183,,0.0183,0.00,,0.0183,0.0183,,1.005B,1.005B,0.0004,,,
1986-03,149.60M,149.60M,,,,,,,,,,,,,13.70M,,,,13.70M,13.70M,,,,0.0133,0.00,,0.0133,0.0133,,0.0133,0.00,,0.0133,0.0133,,1.029B,1.029B,0.0001,,,
1985-12,173.30M,173.30M,,,,,,,,,,,,,9.40M,,,,9.40M,9.40M,,,,0.0117,0.00,,0.0117,0.0117,,0.0117,0.00,,0.0117,0.0117,,806.86M,806.86M,0.0001,,,
1985-09,124.60M,124.60M,,,,,,,,,,,,,4.20M,,,,4.20M,4.20M,,,,0.0050,0.00,,0.0050,0.0050,,0.0050,0.00,,0.0050,0.0050,,840.84M,840.84M,0.0001,,,
1985-06,113.70M,113.70M,,,,,,,,,,,,,5.90M,,,,5.90M,5.90M,,,,0.0075,0.00,,0.0075,0.0075,,0.0075,0.00,,0.0075,0.0075,,787.40M,787.40M,0.0001,,,
1985-03,96.00M,96.00M,,,,,,,,,,,,,6.00M,,,,6.00M,6.00M,,,,0.0075,0.00,,0.0075,0.0075,,0.0075,0.00,,0.0075,0.0075,,800.75M,800.75M,0.0001,,,
1984-12,89.10M,89.10M,,,,,,,,,,,,,4.50M,,,,4.50M,4.50M,,,,0.0058,0.00,,0.0058,0.0058,,0.0058,0.00,,0.0058,0.0058,,772.27M,772.27M,,,,
1984-09,78.80M,78.80M,,,,,,,,,,,,,2.60M,,,,2.60M,2.60M,,,,0.0033,0.00,,0.0033,0.0033,,0.0033,0.00,,0.0033,0.0033,,780.78M,780.78M,,,,
1984-06,72.70M,72.70M,,,,,,,,,,,,,6.00M,,,,6.00M,6.00M,,,,0.0075,0.00,,0.0075,0.0075,,0.0075,0.00,,0.0075,0.0075,,800.75M,800.75M,,,,
1984-03,67.20M,67.20M,,,,,,,,,,,,,5.10M,,,,5.10M,5.10M,,,,0.0067,0.00,,0.0067,0.0067,,0.0067,0.00,,0.0067,0.0067,,765.77M,765.77M,,,,
